daborey@protomail.com

daborey@gmail.com facebook 2 steps backup codes
0447 9579
0730 7492
2457 1043
3233 6313
3569 3006

gmail 2 step boreyda2021@gmail.com code
1. 5360 1478		 
2. 1616 0293		 
3. 5991 6408		 
4. 1094 3020		 
5. 3607 6845	
6. 7185 1450
7. 8265 9283
8. 6719 0579
9. 1467 7397
10. 1603 6425

gmail daborey@gmail.com
13673613
14866915
05225921
47752179
72905043
66188915
53819302
93887890
83228851


gmail tinay343@gmail.com 2 step code
1. 1127 9236		 
2. 6469 5012		 
3. 5769 9724		 
4. 3059 2741		 
5. 7097 5182		
6. 4080 7900
7. 8918 0626
8. 0658 1524
9. 4434 6730
10. 9705 4448